25
692777 930886 289383
238335 747793 636915
516649 760492 885386
490027 202362 641421
897763 520059 368690
383426 180540 513926
5211 455736 89172
956429 702567 595368
722862 21530 465782
703135 174067 665123
634022 979802 513929
898167 133069 723058
175011 18456 961393
377373 176229 478042
413784 544919 484421
594324 575198 898537
566413 664370 798315
268980 776091 803526
806862 241873 759956
497281 906996 999170
1000000 1 1
1000000 1 2
1000000 233 2333
1000000 2 2
1000000 1000000 1
