 1
 2
 6
24
12
72
 4
32
88
88
68
16
 8
12
18
88
96
28
32
64
44
68
64
36
 9
34
18
 4
16
48
88
16
28
52
82
52
24
12
68
72
52
84
12
28
26
96
12
76
24
12
12
24
72
88
84
 4
28
24
16
96
56
72
36
 4
26
16
72
96
24
68
28
16
68
32
24
24
48
44
76
 8
48
36
88
92
82
52
24
12
68
12
92
64
52
88
36
56
32
36
64
64
64
28
84
36
78
68
76
 8
72
92
12
44
72
 8
92
72
24
32
 8
96
16
52
96
 4
 5
63
 1
28
12
56
36
52
16
44
94
84
 8
 4
56
84
44
48
64
16
32
72
84
32
68
 2
 2
 4
12
48
44
64
48
84
56
96
56
72
36
 4
66
56
52
36
84
28
88
36
28
72
26
76
52
56
24
32
92
44
52
68
58
88
56
28
92
48
68
56
 8
52
14
44
68
64
36
72
72
44
32
28
74
44
 8
64
76
96
56
72
36
 4
86
76
92
56
64
 8
68
96
 8
92
 7
82
14
92
68
64
84
88
 4
36
46
56
72
36
 4
96
36
12
16
 4
98
 8
76
48
52
13
63
76
28
12
 6
36
52
16
44
44
84
 8
 4
56
84
44
48
64
16
32
72
84
32
68
87
12
24
72
88
64
84
88
 4
36
26
36
32
16
24
96
36
12
16
 4
18
28
16
68
32
96
96
92
76
 4
22
32
24
92
28
68
48
76
88
32
 8
28
76
68
92
44
24
28
44
56
82
32
64
92
68
44
64
48
84
56
76
36
32
16
24
16
56
52
36
84
98
 8
76
48
52
82
82
64
92
68
14
84
88
 4
36
96
56
72
36
 4
46
36
12
16
 4
48
 8
76
48
52
95
72
44
32
28
64
84
88
 4
36
86
96
52
76
64
96
36
12
16
 4
58
68
96
 8
92
68
68
36
 8
32
96
76
32
56
 4
64
 4
48
24
36
94
 4
68
24
56
52
92
24
52
48
 4
 4
 8
24
96
28
68
76
 8
72
32
52
24
12
68
92
72
24
32
 8
56
76
72
56
44
98
98
96
88
52
66
96
72
76
84
64
 4
48
24
36
74
84
28
 4
76
72
12
64
72
28
33
 8
16
48
92
16
96
72
76
84
74
64
68
84
76
24
84
28
 4
76
62
52
44
12
88
44
44
88
64
56
28
68
76
 8
72
72
92
 4
52
28
42
72
24
32
 8
16
36
92
16
84
41
66
82
96
84
52
12
84
72
48
68
48
76
88
32
28
48
16
88
72
24
 4
88
24
76
18
18
36
 8
32
76
56
92
36
24
44
84
 8
 4
56
64
24
 8
44
36
52
92
24
52
48
76
76
52
56
24
92
52
64
12
 8
68
48
76
88
32
88
 8
36
48
12
14
44
68
64
36
16
16
32
96
84
82
92
44
52
68
48
28
36
68
52
98
68
56
 8
52
24
 4
88
24
76
75
95
65
82
78
14
34
88
 4
36
86
96
52
76
64
96
36
12
16
 4
58
68
96
 8
92
98
98
96
88
52
 6
36
52
16
44
 4
44
28
64
96
84
44
48
64
16
72
12
64
72
28
89
64
28
84
36
48
88
16
28
52
62
32
84
92
88
72
52
84
12
28
46
16
52
96
 4
28
28
56
68
72
76
56
92
36
24
 4
44
28
64
96
64
24
 8
44
36
92
32
 4
92
 8
58
 8
16
48
92
16
96
72
76
84
74
64
68
84
76
24
84
28
 4
76
62
52
44
12
88
66
66
32
96
84
42
52
64
12
 8
 8
88
56
28
92
38
 8
36
48
12
24
 4
88
24
76
89
64
28
84
36
 8
48
36
88
92
22
92
 4
52
28
12
92
64
52
88
96
16
52
96
 4
32
32
64
92
68
74
44
 8
64
76
56
16
92
96
44
86
76
92
56
64
48
 8
76
48
52
29
54
58
24
96
68
 8
56
48
32
72
92
 4
52
28
52
32
44
92
48
56
76
72
56
44
74
74
48
44
76
98
88
16
28
52
72
92
 4
52
28
22
52
84
12
28
36
56
32
36
64
56
56
12
36
44
72
32
24
92
28
78
 8
96
48
72
 8
28
76
68
92
34
64
 8
84
16
44
44
88
64
56
68
 8
56
48
32
12
32
84
92
88
52
32
44
92
48
16
36
92
16
84
77
 2
54
12
48
64
84
88
 4
36
66
76
12
56
84
96
36
12
16
 4
78
88
36
28
72
84
84
68
 4
16
28
68
76
 8
72
12
32
84
92
88
92
72
24
32
 8
76
96
12
76
24
34
84
68
 4
16
68
 8
56
48
32
52
72
64
32
48
52
32
44
92
48
76
96
12
76
24
24
