0.00
0.00
274955.27
0.00
0.00
0.00
25157.17
9943.87
181113.99
0.00
11846.16
0.00
404668.37
0.00
0.00
74663.53
80015.79
0.00
57316.85
0.00
60178.97
0.00
0.00
0.00
0.00
52446.61
0.00
0.00
343181.68
27803.15
0.00
0.00
363.55
83016.28
233710.85
210611.43
0.00
0.00
96438.00
73383.40
36339.63
0.00
205398.60
0.00
135781.00
41291.72
0.00
40322.74
0.00
227119.46
0.00
218946.00
0.00
7675.31
0.00
60993.99
0.00
42861.24
0.00
0.00
28123.89
206762.66
0.00
40.00
0.00
648.07
14116.42
214478.00
0.00
0.00
0.00
12102.95
161335.17
0.00
0.00
259163.18
663681.26
288096.91
293573.71
0.00
0.00
9521.08
0.00
3737.03
77675.12
9345.92
0.00
1552.64
593172.72
9869.08
0.00
22410.00
7826.65
0.00
134774.87
0.00
0.00
1781.75
2416.99
507574.96
