       1 00000001 00000001
       2 00000002 00000002
       3 00000003 00000003
       4 00000004 00000004
       5 00000005 00000005
       6 00000006 00000006
       7 00000007 00000007
       8 00000008 00000008
       9 00000009 00000009
      10 00000010 00000010
      11 00000011 00000011
      12 00000012 00000012
      13 00000013 00000013
      14 00000014 00000014
      15 00000015 00000015
      16 00000016 00000016
      17 00000017 00000017
      18 00000018 00000018
      19 00000019 00000019
      20 00000020 00000020
      21 00000021 00000021
      22 00000022 00000022
      23 00000023 00000023
      24 00000024 00000024
      25 00000025 00000025
      26 00000026 00000026
      27 00000027 00000027
      28 00000028 00000028
      29 00000029 00000029
      30 00000030 00000030
      31 00000031 00000031
      32 00000032 00000032
      33 00000033 00000033
      34 00000034 00000034
      35 00000035 00000035
      36 00000036 00000036
      37 00000037 00000037
      38 00000038 00000038
      39 00000039 00000039
      40 00000040 00000040
      41 00000041 00000041
      42 00000042 00000042
      43 00000043 00000043
      44 00000044 00000044
      45 00000045 00000045
      46 00000046 00000046
      47 00000047 00000047
      48 00000048 00000048
      49 00000049 00000049
      50 00000050 00000050
      51 00000051 00000051
      52 00000052 00000052
      53 00000053 00000053
      54 00000054 00000054
      55 00000055 00000055
      56 00000056 00000056
      57 00000057 00000057
      58 00000058 00000058
      59 00000059 00000059
      60 00000060 00000060
      61 00000061 00000061
      62 00000062 00000062
      63 00000063 00000063
      64 00000064 00000064
      65 00000065 00000065
      66 00000066 00000066
      67 00000067 00000067
      68 00000068 00000068
      69 00000069 00000069
      70 00000070 00000070
      71 00000071 00000071
      72 00000072 00000072
      73 00000073 00000073
      74 00000074 00000074
      75 00000075 00000075
      76 00000076 00000076
      77 00000077 00000077
      78 00000078 00000078
      79 00000079 00000079
      80 00000080 00000080
      81 00000081 00000081
      82 00000082 00000082
      83 00000083 00000083
      84 00000084 00000084
      85 00000085 00000085
      86 00000086 00000086
      87 00000087 00000087
      88 00000088 00000088
      89 00000089 00000089
      90 00000090 00000090
      91 00000091 00000091
      92 00000092 00000092
      93 00000093 00000093
      94 00000094 00000094
      95 00000095 00000095
      96 00000096 00000096
      97 00000097 00000097
      98 00000098 00000098
      99 00000099 00000099
     100 00000100 00000100
